1 2.86102294922e-06 4.05311584473e-06
2 1.90734863281e-06 5.00679016113e-06
3 2.86102294922e-06 4.05311584473e-06
4 1.90734863281e-06 4.05311584473e-06
5 4.05311584473e-06 5.00679016113e-06
6 4.05311584473e-06 5.00679016113e-06
7 7.15255737305e-06 5.00679016113e-06
8 1.00135803223e-05 5.96046447754e-06
9 1.59740447998e-05 6.19888305664e-06
10 2.40802764893e-05 7.15255737305e-06
11 3.91006469727e-05 5.96046447754e-06
12 5.98430633545e-05 7.15255737305e-06
13 9.60826873779e-05 8.10623168945e-06
14 0.000155210494995 9.05990600586e-06
15 0.000251054763794 9.05990600586e-06
16 0.000420093536377 1.00135803223e-05
17 0.000622987747192 9.05990600586e-06
18 0.00118184089661 1.19209289551e-05
19 0.00173592567444 1.00135803223e-05
20 0.00354290008545 2.09808349609e-05
21 0.00433588027954 1.28746032715e-05
22 0.00678396224976 1.31130218506e-05
23 0.0118072032928 1.50203704834e-05
24 0.0208859443665 2.00271606445e-05
25 0.0382368564606 1.59740447998e-05
26 0.0489189624786 2.78949737549e-05
27 0.0846030712128 2.00271606445e-05
28 0.13240814209 1.8835067749e-05
29 0.230555057526 3.21865081787e-05
30 0.352689981461 1.90734863281e-05
31 0.566897153854 1.90734863281e-05
32 0.934028863907 3.31401824951e-05
33 1.61019587517 2.78949737549e-05
34 2.48439192772 4.19616699219e-05
35 3.89068508148 2.40802764893e-05
36 6.40167212486 2.19345092773e-05
37 10.2130072117 3.60012054443e-05
38 16.497606039 2.50339508057e-05
39 26.7403490543 3.00407409668e-05
40 43.3495881557 2.31266021729e-05
